
%liczba neuronów ukrytych: 7, liczba wejœæ sieci: 4
%wejœcie 1: u(k-4)
%wejœcie 2: u(k-5)
%wejœcie 3: y(k-1)
%wejœcie 4: y(k-2)
%uczenie w trybie ARX
w10(1,1)=3.0409538567e-001; w1(1,1)=-3.7932457572e-002; w1(1,2)=-5.6912366709e-002; w1(1,3)=-5.6606505864e-001; w1(1,4)=-1.0089870956e-001; 
w10(2,1)=9.9599038124e-001; w1(2,1)=5.4462360592e-002; w1(2,2)=7.3600667563e-002; w1(2,3)=8.2127264994e-001; w1(2,4)=-1.4076025334e-001; 
w10(3,1)=3.1636069495e-001; w1(3,1)=8.2989675642e-002; w1(3,2)=1.9611589115e-001; w1(3,3)=-1.4954181645e-001; w1(3,4)=9.4705900113e-003; 
w10(4,1)=1.6089131613e+000; w1(4,1)=4.3807961804e-002; w1(4,2)=-1.3430141521e-001; w1(4,3)=-3.3613650954e-001; w1(4,4)=-1.0111197303e-002; 
w10(5,1)=3.0156865245e-001; w1(5,1)=2.1360769435e-001; w1(5,2)=3.8377242585e-001; w1(5,3)=-6.2455184540e-001; w1(5,4)=5.3576599098e-001; 
w10(6,1)=6.9532548747e-001; w1(6,1)=2.3677936775e-001; w1(6,2)=5.6252576671e-001; w1(6,3)=3.6332948857e-001; w1(6,4)=-1.7472931947e-001; 
w10(7,1)=-6.0642304382e-001; w1(7,1)=6.1364831594e-002; w1(7,2)=5.8649679332e-002; w1(7,3)=4.1174695794e-001; w1(7,4)=-7.2108847718e-002; 
w20=1.5950047187e+000; w2(1)=-2.7509044251e-001; w2(2)=7.9672546720e-001; w2(3)=-9.7542584402e-002; w2(4)=-1.4775469933e+000; w2(5)=-1.0820191519e+000; w2(6)=5.6285978705e-001; w2(7)=1.3795038895e+000; 

