
%liczba neuronów ukrytych: 7, liczba wejœæ sieci: 4
%wejœcie 1: u(k-4)
%wejœcie 2: u(k-5)
%wejœcie 3: y(k-1)
%wejœcie 4: y(k-2)
%uczenie w trybie OE
w10(1,1)=-4.5391392576e-001; w1(1,1)=5.6957951660e-001; w1(1,2)=1.5198562958e+000; w1(1,3)=3.1952465548e-001; w1(1,4)=-1.1152410209e-001; 
w10(2,1)=-2.7000339440e-001; w1(2,1)=8.1669174672e-002; w1(2,2)=-3.3315637135e-001; w1(2,3)=1.3882388058e+000; w1(2,4)=-1.1346599811e+000; 
w10(3,1)=1.4228225455e-001; w1(3,1)=-8.4757697773e-002; w1(3,2)=-1.6840464540e-001; w1(3,3)=-1.1649303028e-001; w1(3,4)=-5.5959858591e-001; 
w10(4,1)=1.0240469011e+000; w1(4,1)=8.1935213361e-002; w1(4,2)=-4.5572400518e-002; w1(4,3)=9.5449772443e-002; w1(4,4)=-4.1850311543e-001; 
w10(5,1)=1.0299174471e+000; w1(5,1)=-1.3683867129e+000; w1(5,2)=-1.7023544935e+000; w1(5,3)=3.0426591526e-001; w1(5,4)=-3.2264354080e-001; 
w10(6,1)=1.1736579279e+000; w1(6,1)=-7.8936597825e-002; w1(6,2)=4.7505314912e-001; w1(6,3)=1.0598396273e+000; w1(6,4)=9.0557192180e-002; 
w10(7,1)=1.0261875359e+000; w1(7,1)=-4.1379760015e-003; w1(7,2)=-1.1309999281e-001; w1(7,3)=-4.4304968455e-001; w1(7,4)=2.9363366658e-001; 
w20=2.6567942270e+000; w2(1)=-1.7692356575e-001; w2(2)=8.9496646341e-001; w2(3)=-4.6616088895e-001; w2(4)=-1.7951880321e+000; w2(5)=-7.0219185106e-002; w2(6)=3.5056686265e-001; w2(7)=-1.6574908026e+000; 

